3732282001646
7233048130273
1231509221426
8701616357246
3655909544901
5147705313269
4662272007165
1564995125428
7582691746595
5119452506123
8494086520507
5837275919352
8749682502199
3591434826986
5550448907062
2699146577228
3914357240834
9208860322669
5080401205493
3903787782893
6052518244479
6943232350568
8074688576135
1975849559596
2964829251949
5740059617070
4768024378730
2181816542726
7476112825992
9869051105923
3000338185152
8572331625378
7770419255198
4708896818087
8534468704242
9575729397387
6736933785834
7942030171729
1134422617505
2575299509425
8725884065048
7382354430791
1087564647709
9344321274355
3553181857405
1000598570843
1460881600980
8121564052475
2243491980048
4016817093133
5508653356918
9337575469937
5698830637271
6937952054433
7071120168654
4255774327671
4008620582070
6058383077112
1686239989262
2101502110216
1090357684797
3236526828265
6298384834025
4275532664578
4661865788699
7900365113082
6346049184105
3830251959790
6667008104415
2695004487339
1787807255921
9085869814492
2544661352276
1371040626922
8875268438458
6402421435678
4550706330055
1668719690959
9943341871626
8593950797035
3811814719184
5881389844831
8645538129792
6987147696399
4195258094099
4668096223221
9555689518647
9889137201611
4695700593080
6615096271892
8985409354501
6814192191178
5898226088192
9604541054461
9751280267442
7927317001131
6462113444706
2438050036148
9036610583350
6560367551963
2186012316435
9666699452949
8564151342293
4297359936038
9454952232649
9297581166866
6287438583081
4411795665363
4636218074080
5640518532627
6271219104219
7886379563947
1128213685967
2825298083096
6345976951447
3749954615196
5495126030953
2784149892934
5722731703133
2247620720823
4690976859171
5867385462653
8579392543464
5975539111979
8144292952517
7372580009616
9403393812680
2373984670043
2992589277822
1116274468215
2005069323232
1595781338442
3427695603498
6363078842933
5601530947901
6570261112085
3195579363001
4486826641412
5206805411508
6042448759004
7809928000275
2253073128471
7543650877484
6536859059674
6168416132049
4904466791151
2893891291924
3209497051300
9380753665374
3760962521237
1180824834430
9335927353240
5062774795945
5326710950748
9977062405002
8209994169256
1864947329951
5741659939282
8349323947437
3025292622402
4490773965194
7224948328844
6233277770426
5086296831071
8029602902671
9632122538038
3340786875736
9827551834736
7547203175625
1749508799580
6030717367941
8538044036722
7787019268495
2608060462240
3979269931480
9052143357098
4910503843045
5206384484751
4103573723940
9807436892778
4293192007251
9163254831032
7445478513994
6296156864165
8555122500857
3327044951890
9911504620055
1931613887536
6679085738912
2875987953225
7192691288062
1227082006044
6190271226105
9448600497249
3304479057340
4525151503462
7265226191977
8953769962004
2175306659173
4326960629994
2868581050247
9057850460825
8149573907318
4780736059476
1043600079674
9494242433775
4171980737753
6344664541855
6650210890676
5407899525060
6689199478025
3288908569945
2367544782421
6876156726242
2594725953267
4402658779844
1356634728733
9509860543314
1927569081279
2832103975927
4641786181716
4511092524796
9079903531463
2354111863630
7813269114628
7470331365160
1630826828936
1184029816920
3397954244478
4623080723400
8181225661631
5600987640348
9950682366362
2924823602147
3766423963207
2057856938255
6054331997732
5328489427346
8283659740369
5193289337596
4663109321563
8468574904451
9418778980114
9495643353218
7170619299949
8656835147417
3437639614557
8148776611493
9902135052147
8641619039014
3224595641990
9130653563632
1228648239259
2942180288161
2538297231506
2271824636363
6432224311016
9677722664423
5982451727995
8445346162994
2021984324074
4168608798191
5035904904366
9759116316139
1446923080495
5505174121657
1020534237264
5342425408500
1138785327465
1727365039211
1980545763692
9409665511644
8180608715098
4657286949160
8649819966712
8485498998794
3006699029875
1153718827811
1570641851227
1009678699877
2330323789479
3019749333804
6856431424791
4788129189287
3189167134903
4750072083416
7659608080385
7741101948997
2341009261523
4473630231463
2152821399974
7498398706429
3102770527877
7940001501938
9595779783773
1480069296307
9424906411020
1496812515180
7979249475873
2307376616542
8497080027070
3575757816072
4647923116499
4755255901752
3495357593045
8204371112168
3261554086478
4897294113165
4802257588360
1240528063273
2520289504258
6195726142393
5220225520398
1939091960709
4333489352853
9040976041508
9550077994257
8968175362058
2845911656167
3802161988024
8679202075685
9275071234580
7787009792359
9227463066855
3029645127967
4310155307607
5003475094925
3985098969390
2264928900500
1805334339971
7888117982229
4279455652671
2748436030656
6248235353523
1936491588578
8086322998001
6814017300736
8198289137311
7721143968161
3822364616731
7410012199163
2366272829969
8543588713098
8909800006114
2175080877664
1065124154326
5318330444833
6831353682757
6232600931815
5600973402809
3824031639935
2931639368898
3576637359784
8507401374520
6623391670638
9355147524167
3523651612520
1749440851069
8607519370303
7681723947633
6197516097658
9014767421698
5901786986647
4124750586484
1614653436362
7110264307454
6403297091818
3681268396211
2342571109413
5062979979810
6506225976649
9669493532724
7170699335826
5950595082912
5414960309403
7279576334706
8037692954581
6052997629777
1486794877480
6617732510763
7583489072800
2248129418665
6004662926372
2138014525934
2220666157101
8997664023516
9517584167578
7436178138436
2368444054131
7117429099943
9856229364954
5285608600980
3021601955002
1158073681897
3936359736283
7050419134873
3328370317880
9276854671485
3418785345005
6448390658104
1851081542431
6650739475145
8085413347287
5098935959759
7992150220427
3013563540879
2544283867382
1255615449511
9023366584675
6043473207459
2280017588723
5509126821052
1146566329064
3953633240841
8470564502889
2118569186553
4974597222602
3158327265453
7113299455936
1166523470583
5818686046710
2882020361140
7604178394826
4755887147934
6084405036211
8911927250375
2027481033714
2338969992663
7286303460970
3826931971244
4950854912962
1536651440172
3841361789680
3330090128712
2665111147737
1766481334933
9186651567271
2435504179689
6243356551256
6376511567317
1473328973845
5794986968594
2545670554084
8946084878372
4885193956790
8368870388934
8968360519498
3237662707709
3095563279881
3966061157210
8997001242900
8529706316087
7637102475432
3629048635928
1876585195554
6622713838743
5141267922995
2702239675979
2144161525102
8686705382525
5857061711515
8289385769321
9566724999754
8124278613916
5468069461942
1582806532540
1730724968357
1181638380476
7807455516789
2756773209902
6867265698182
1949835484187
1324724669758
5915814770953
2017007349329
8216513199826
3925827597306
2352425307749
6526508539875
8371041509833
3610399153317
3834623801763
8462292386042
4187922195491
6807021088473
9917632207719
4078092335702
8926443593932
9896621516514
3456057296784
5810223234391
9584363390669
6875254854762
3538392376570
1084882590468
8069896763452
5658027620706
8148408635310
5184314849546
6390287351146
7083494414669
1844791152455
5770810187870
6078061779434
2829988032711
6247694869237
9794706294343
3477026643762
5646673006652
8739433498778
3859459500257
4419577955876
9781329354887
1438056048957
5016122107540
1572102016555
4248381724887
8011652502085
2533163178361
2437831272575
8006231805760
8437386314682
2086771600717
1643989497136
3004735093648
3365121488624
1665858025378
5074285856816
5198527855599
8728765599269
4013937282480
4829178811381
5743842356978
9968667852123
5916432084806
3478937007186
8598914113115
7030048751871
9070858116844
6621428243480
5294575624163
2088554835240
9693487212705
9344706109147
3750014408916
9554849291852
8480010512616
9659997285162
1895305466054
6729982615019
7835225839777
4998408574938
7193780677918
2254290353906
1478895010652
6263900353441
1769178467045
5700551039205
4176101022957
7124585660357
8514422670816
2348590038894
1612746233468
3113269224194
2189533797228
8020943573473
4766483476448
9223564651648
8662656939939
9392634761613
5408758597693
2706506402637
8906511437380
4029021992295
2614907866791
8487584128698
9274323912890
3280219507247
8709925771956
3069351922958
7635172192682
5436328856786
1738298463755
9143298692850
4649947049100
9546655377112
9755605740637
4859803585136
1949396275679
2189157617986
7074676893876
1120793320169
9536104323769
7309766368993
5679650546036
8681153694771
9613030947589
2403313032636
9891031630021
1217023841382
8400624279581
7302599916652
2697740992592
9246299166784
8648635989376
8996053998485
7070151531047
7561785337051
1820228543659
3381929059959
3891521059611
3953389459794
7032815531706
6049291080412
7365414429943
5996350478084
8157764404564
9592226154145
5780019759893
1729676686888
6064050663202
8705906099721
9888772018127
2301958528622
9614410290743
3931300770124
8831666696859
8376695328639
1276111269627
2103736243942
4759662862742
9975943011822
1647827837948
6885549886056
9551730516014
4347024832903
5034596944166
8115936932417
1478688941844
6347943848430
8808186606859
1854136696385
4772796194226
3617195110217
1579374521739
4804290563638
9726796106236
9042678623638
3305294557289
9393244497648
8436211091587
7889783870625
7533371347981
7642252835146
3380353043356
3167371259212
2010752777318
7790962574892
2370150334495
1504800322730
6512362655661
3863498875028
4120595769426
4818262492613
2623025627128
7692338342463
1210860340142
9987904633619
1051913329662
5940743140329
4300770287628
5546392281588
5907392938465
4588036747811
1455055612493
6878065204737
9616525693368
9802843461085
7941661564384
3413677929681
4594599989565
1294811474940
7212447235696
8276056437521
9931840226457
4595969252085
1375237076238
5575656014877
7201831224306
1228534801148
5071484017050
4406745918100
1822058341062
5278567936812
9693246674056
6100624771248
3887921154986
8435952859314
9486210946268
5397324444883
1030860068592
3960619444221
7301242516572
6201739191490
4446576657074
3105441340205
6420012962367
1881094379553
1137293813638
1280339104896
1193998479654
8166514785669
6618280408244
8547423588419
3950856338289
3442676079527
2408368883940
1282651170239
4087520622201
1772055815905
5645710031325
5228583376326
6392618772924
7698518692746
9807625887447
9218337520332
8631195523683
3362344979235
4002920827281
4801226264883
2787271254782
8434283253354
1253109811030
8961616219083
3441153151166
7694755690617
9007768922361
1139644553488
3403321374915
8075491670918
1637000093283
1378361568594
5462807529257
2795232262482
8229454553771
4770894259590
7393501396286
4081954123299
8475260610385
1109705938319
6172234775622
6260876061500
1750327321963
1926948541024
6377144144054
7800337618036
6219716268919
2144903963925
9544075268033
3696540072228
2258548108706
2647128763182
6462776411348
3630894135125
5876985480045
6984203256461
7827317269146
1106047956839
2010756234802
9279990138434
4473403865705
3518659964108
2753340128967
8246409069580
2225699342803
1795517015270
3718095692875
1726719665745
3846100209535
6630413447841
2084282267325
3229178473371
7483450021386
8206284113685
1309761310003
2529839939507
8454668902851
5526500401679
6013856360247
3228823833725
6730445430476
7299029046736
1176413214910
7323824603710
9413807924787
5347629976773
9077600873967
3653656615570
8405699440734
5301034271327
6379395396092
7773426265257
8518867149012
7001901282828
1337119039955
9466524360985
4099706428032
8736628939423
6740561255724
5643546430101
9024184895834
7668934706975
3937155639923
6133634267882
5269784896555
6277540435787
5019174953299
3350622456493
4059068843314
4102702051907
2555437064982
9537830967686
8930501478885
5579561094944
7421731782194
8811007080667
9951483138879
1772655964072
5936828501881
3331534557710
9872958157495
3303368017571
9335706052470
6016982482511
4781487606942
8870358247428
9861436186411
4776748502948
5439093036433
3231253194393
4841158875052
7297779229806
8860833553249
7161781514262
4861525538495
5779072387547
9983873157336
1014338982042
7200234583506
1307554531853
3902344879118
8802620486141
3724894120193
5462052315707
1629894339068
5300850439929
4590365045135
9011930462043
9816875682738
6325212769343
6064382972265
9586001839989
2205271388852
9869009461983
7988474738450
9164282842850
7135503699212
9261600320215
9401777797254
9616186440602
4550668075103
8126183272363
5077064650957
4086921607178
6515612015296
5186257090613
5577802701641
5310639697816
8009466650670
2482524154340
7174863383623
8631358359145
7855901646081
5989495476989
4466879972363
3880744546485
8317220532363
5873452371080
8017997032959
1637792949881
3232383888883
3757481103832
6656843335345
6029522860971
6158050998650
3680850947303
1563665340041
3347008457209
3660014800266
2994319167428
9603256973622
3581659694234
4756490157687
5760309988619
8205554780150
3305017463438
2387779507976
3935404815533
8422326547533
9211682211687
8404662061991
8301656173550
6039269214656
4757081706728
2214512417507
8056687311584
3551480267327
6567689056149
3371985687830
9277304885837
1559593420735
5309163336126
5643446860019
7444678557278
5418317054950
4235062487534
6247622707475
6904635001197
7993006533830
6820411655374
4323257097830
3713746533356
9876247093012
1589531897232
2524581987402
6561486990084
3798203379394
4969571316164
5192347410147
7986330533225
5439363486764
7218818370169
2429177311868
5727913641471
2560200298625
2718059659423
4170577388105
5334016678671
2611607794585
4775832552490
1722671151607
3850228317801
7371041962829
8061201958288
2669872119924
1095368551196
2553797014434
8572746064380
6136469373042
1707299106928
2021896498605
9383109963605
7760089392229
6630858507689
9295096410274
1842584911717
4230942669970
7078787640166
3139257584457
5303949271223
8845813563745
2028435491583
6278597140146
9259177582514
6910536132347
3437493811412
3879053031816
3112685326817
8237978191358
7796715525789
3272687841527
6519813518534
4521127817028
8235242165917
8856712001446
3701991550263
8929870583870
7441866207896
5508558826979
4902304529383
2505664663631
8232820870500
6071415966554
6037726270775
2571295566919
7682871806015
7128034297031
7725731444263
5755947505443
6459145851015
2709530019108
6507893017539
2026446803159
4486180842045
5095216275625
5104605639385
4850245934003
8204178170438
4276817771790
3715767142245
3817430581922
3351809075303
7526215630003
4895807834376
3048816181823
1313691617264
7146613958482
9531523577547
6557343592616
2908852810265
2099878768672
8653619974273
2142068644240
4794642033723
3526348323563
8302057213764
1763151432859
6866538550185
2333981021082
6121640397357
9661433252488
6551764549195
3646215192054
8860453454634
9310447908634
9964054915341
1399254770091
6734900822284
8049229708524
4479499677525
5680201073078
5015173207918
6606070412865
8434596143707
7169745330640
5098888724800
4047214075917
5278670447072
3267055788667
1701555711367
3957749737508
2547898158851
4849777612273
2319047929138
6871932160712
3994151021343
2686931687753
4012422668507
6907950968642
8171484033316
1703583333290
5911748860710
2436985614428
7292444028411
6246253676751
9462545769097
4158577747031
6659304211187
7266326555177
3095797208016
9475238875096
1758693674117
2588971704201
5650727463773
4273900649480
8070103162485
5714220337569
1078488004344
4518111812479
9501605860502
7396913103250
5200341580881
3809960600625
6505663529624
1164694204902
7863038267014
9778417724879
7225858807141
8685251846193
9636436065228
2290861533797
5322020102732
5440233275826
7311621059336
5071434548909
2349178681902
2553275481209
3745029263411
9249225653436
5559211939930
9309108343613
1608461971723
4303415297729
6723677558930
3195370677729
6979512188931
3568817179037
5910525003521
7814466276656
4844749561099
7199753183963
3604808145623
9490673568320
2518576976916
6820216976641
6833035072275
8731089729372
7157034270564
7184068367648
6804929712902
4963530847925
9642461079586
1673914493491
5266104595551
6550407945012
9635669341140
6868006433940
9013935072909
2689246195617
1481155666171
3756183568210
4433579359730
4856487733998
8291377633399
4213094804213
4547892083347
8014920498587
4947591696776
4966988681483
3234961219096
5844571033326
1610694275749
1710270531764
5829121849309
6272524451772
5834686037663
2132126121358
7093087334491
6313961112915
7125751007712
1597662465827
4899742940697
4251699977569
6753158371893
4094103771225
5164306084399
5754367883256
8751507035826
7079973177433
6841063770865
8480665373076
2031489927379
7248735155517
3170253901257
5994399438972
9904198208181
7363313782420
3461130893665
4383183049762
9652579659977
2949623000232
5279722446173
5936796567638
6712641857673
9751705488359
3364484954901
1471383561921
2786617129731
1150502902286
1538650733588
9873900314487
4584327213743
4117380931670
5262265581768
8585718925355
2538139278289
7335060183657
9428659211007
3736290868844
8139113102193
5347066111109
5839358777099
6524509018724
1840987485602
3055453886106
7540042332265
6422811698897
6948779045928
3650162923959
7993535291628
1055032572013
3809974315288
2041589855641
9027018056489
6304496309434
6244510697690
3470008668243
3479877074007
7768280978445
7554957743928
1988988875176
6436772352865
8459700517063
9293841347299
9767988673330
5343693810311
8475347150231
9154048053451
8034189375942
8295592436281
6640177299523
4965799855207
6717165924331
8911567355720
4262196141599
5729011130976
8429273892922
7644988059110
6557793066064
7877379517716
7636614505285
2149579472958
8629062169698
2994477605597
1928653908205
4435260693489
3382566956122
5912654361444
8987904722177
9457866010551
1224969472439
5544518006734
1464618814003
4819142610012
6850686404231
4534878246340
9570904913263
3376545081799
9371466510581
7710423240590
2096916879353
2470339778339
5663178124070
3792958801057
2448166465413
6022654572160
2417447102493
1891227072870
3119276852291
9305804425181
3395688191407
2404862009000
8249887302166
1798501786062
6961258477262
3162456361298
3397913457484
2844666412863
2278278272941
6729116828066
5887535882403
2840147990250
9997004940176
5060329736894
4227627385305
7115566948766
7840755875828
1866899677610
8660748631773
6976456176043
1394017397051
8919451490484
8148120776709
9442927452988
5044763602078
2546417040161
4129240473820
3650490560789
6880508294713
4243783820096
6135480288596
6968920108726
4905452819219
1849074730516
9651094078524
3539466333427
2949071637791
2734179409206
6965990664779
9734028329521
3988166758447
3944420517354
4392576680101
1680823268481
6630804177896
7912428179016
4650134959864
3012963820483
2312524749635
4772686348408
4934914877248
1489795199309
5094746627783
3021882656619
1303071600028
4455801269286
2527113344740
6155670467759
1569044380778
9017640374532
1753927560298
2485594744824
6916085711359
3638869780551
7840449102431
2099546651082
4455865620913
8974303070384
6912971826473
8749633752475
7790089897628
5802858960037
5972708397125
9460935041584
6712849919548
5571967048352
7203184994803
3596061464052
3604535441650
4598391586901
2924800287598
2814256736400
1925364443906
8876264037707
4977096420353
6583001372417
1879623592799
4765106709503
8998803231495
7734740781052
4510588565522
1571443992187
9287443488386
5533189065066
8809022917603
3922198861033
7436647346800
5397258710032
7217675949789
5816317716637
3441304933140
2993015241336
9033444233194
9850490051955
1534016892562
4537948726190
8510695218363
9300230032782
5209157554285
2322126420780
8215971189169
5545579126930
6595849089303
3660878245241
7192617662306
7800341309172
3845233011554
6185720325980
4847617795230
2875338918802
6385937749837
6637052956230
7730787561005
6063128867761
5755691915391
6692919561921
2714985587106
3932149115316
2245208316485
3510842162317
5374720840922
9133653067933
1555890943663
6038780267954
4882055214756
8788244355432
4155129234352
5522264982157
5910200004549
8931285286465
6204776838541
7343484770847
2970715392257
2793535500371
7537126165004
7253037070731
1677863736980
9442321823651
5183579473989
9623540661751
9245229327626
4276740509823
8541726043324
6442159271197
9135008677601
6490682603539
1631728325657
4199008534021
5905120062295
1196864940513
6925612628443
9690739785156
5155097277060
5522031271010
1857259942254
2992379316561
8831517626551
8475108491099
2932961068424
6397607355568
5102976848183
3391006468426
7921298357206
1659653913250
4327822470780
5773425170976
7065177012914
8416913603194
5570595321475
1169965708869
8198704807422
4813086069603
2608654195600
6858981033848
4662752990006
8276132342710
4935205865998
3344343197731
1346103333423
9074095072730
5018946292977
8701469861034
5537551424938
7067649393133
1189451488801
1470778839413
7539494097414
5352909693746
5272851743558
7901688246830
7816501859439
4312281740111
3070836146729
1525740837345
5422747552971
9080527476797
5576623703858
5845509085350
2193796769948
9906792369648
6360771944235
6419418058784
8270108761181
4771838281094
1930754960940
9086357186259
2809562879873
3066358699934
7734840305920
5129470708798
7999827058684
4409691639089
1350428361218
3670491497211
5013535491662
5084541187784
7106962873314
2966872440981
5288123794797
8898093555264
8430481902797
9743732418229
3181004583685
8738567101571
6262240811240
4639219057522
4112781372385
1414450159040
3621407489242
5907656843460
8205334250921
2215270030611
7821360219510
7813275402942
4600635974897
2304613757583
3512503094102
3862328797313
5174170461167
7036107601521
7572775362760
1503345835488
6331108279786
8000497706480
7594108581299
9931493054539
5245762338196
3238467532020
3213051394888
2115670000874
5900513789751
1861807083029
3063348835601
3210413078086
1073710934389
7121283794442
6765124011052
3803191871124
1064319584277
7822606530849
6619742187278
1912467369370
5427563898038
5417018035739
7955139496841
7411997316590
3525785780238
5167041358349
3469805440325
4429641850741
9264808066337
4836094849988
3252899294592
1113882838866
5369669209729
5523262406462
5833269058237
3984914229904
5164738254769
8887253881481
3809088100080
1599619209816
3466652577539
3965516990449
6634601695652
8197376351233
2339575428370
5342127394185
7390072544044
8748081983764
4883219504890
5280605128543
2802208186468
2278250649130
8510542869486
6506404629472
8387191203142
5177276014552
4343942907059
5757293420603
4333157799816
7228602380895
5141139917641
2999673129213
5937520766302
9308475942559
8214320987007
8459869737507
7917253536378
3289520326110
6289580080485
6081309688967
4522474285469
5389252562978
8253140961362
9222172728777
6782202537560
4632573399799
2672493268588
2127961374528
9771597026550
1361947778980
9562884265089
9322684811204
3180923388715
5573268757579
9285859099596
8291702992967
5152548457304
7462326736665
7206801108502
6723962148180
6799565384997
9396831278793
9090898514951
9777026488545
8129435127171
1864717510320
9954630427820
5969885642128
2933766528791
9510620788284
1136367377228
5702135609644
8688912644133
2246902173068
9309476291660
3973755785139
4276571293076
6836545038857
2007224250970
9445282346188
2385401190863
8037499067840
1016407733490
4115382617508
6437456334897
8460538431451
1134905732717
1413552026135
1388883974379
1875923790270
1082215607123
9853391294971
2541201141763
4561469061967
8548710089200
8573847839797
7141457613141
8080969975909
6031638737971
8672901381523
4513635345821
7970057806945
3245293625691
1243928006926
7981640081428
4912744502069
1658053455263
8941938800351
7431987473170
8071597296951
4803220570382
6560486705001
7245810239521
4536929327485
7838009312193
5797532364059
4283550155326
8073958356842
2507608349619
1978487218489
7431602707126
5924741857558
8741633564214
4952804423877
1927346057605
8333137594863
9100973120359
2574870252362
2582845963683
7838883825290
8252569843490
7010027048334
3105583775029
2998788917662
9397926508028
2824931058428
2300084004254
7587929225758
4268375015997
6714012809064
6254656976650
7558117028008
4803420458935
5262801700738
2700687617259
3866469235698
1423304247258
6275208012029
4901229311099
6249291583085
5027268463095
6531434574459
3259096479323
7048753165646
9087255958203
2962162430672
5009354659363
8274324862404
8066955010792
5896435460860
7995346086296
4353789584341
4749698267406
5334144442457
7984249928832
6701576356635
7814983660872
9869093414838
8731752351777
2385903396887
7586924217218
1040041719717
6687291408492
6090083658578
2625189636415
4104977638329
2743069264625
1290282361426
3294185896168
2594383883430
5868251795768
8749671658813
3034545397344
1416883941380
6165229294831
9061025687231
5477871547032
5231616929928
1131747885710
6984448204785
8327620303208
6986205716141
9741708122901
4760200784471
3160612522734
2775675469583
9190616657856
1452254003631
2181493737243
6327905530297
8044102890635
8590890561994
6468540047898
3038680799959
4692008334786
4004919271049
7357804255683
8759285221131
5652098131905
8668683222830
7641239543164
8130020307845
2884818294940
9812252902342
7363438233227
2869017535397
2900795886990
9476936670128
1459248421670
2835279510527
7140045327600
1977924147723
2343738137965
7981402009001
8362784058375
7528849299767
4580012700249
8559169301576
7062178762202
6947042338156
4298125301571
6226368896594
8588170071669
3951170284911
2920730271893
5758552693714
1343295433673
4192060559963
6074426790053
7777686335852
8525805082973
4508062614096
8997961166631
6880325300889
8748578343588
8214863500029
9081883368593
3298151293393
3767309889030
1893350338506
6489921965235
9105570497912
7064029010880
6641448870763
7244758945362
9387020522476
1433200665313
7736521564772
6102443561980
7817878255978
2268619856449
9953892200605
9873729826038
7426237861895
4605812991397
7804489393008
8680788459777
6927156956333
1093629472819
4501710795658
8024239783381
9027900957821
2940043199715
3381069628755
9610832357984
3369400770484
4487185335065
7150346959648
6444013559056
2088321572978
6103166203587
6611150688563
1883014765967
4614498231845
3651137635651
7375381459758
5137619241833
8539804854546
1012052335738
9549382469182
2477443532086
8845062695324
7715193680205
3943852868073
4505634171731
7828539789555
8920233025444
9427711798237
7340228517444
6376048892836
8769361482577
4735459740231
9508416048401
4296834018497
4175828836785
5283885497879
9710857872473
1055615614577
9186308360125
4679808095254
4124858253683
1299947614950
3909100027883
7373000318752
2856516265748
8661959511377
8704028561470
7696402157232
5286563721351
1013583610927
7299682718684
8057447305715
4755691070495
6517178990367
2269264876337
1530430274031
8626375570481
4719508768158
8563109774840
7294698466616
8114478815061
9169869484029
4217074892249
9359772138624
8086963342957
6080884151000
1339736113889
8428056969789
7817292326363
6715038437337
3710581730170
7858015275872
5011467960240
1263135850181
4494027274512
9272870393936
9330709204198
9510413529687
5770251273455
6620076901127
1304263487051
8032881522920
5828674811557
8978439147281
8672835768826
5260267268084
4681631387074
2129168587969
4426085663837
2092696517972
9946906248854
8058941835376
3565689815069
9552640251858
6373316030194
7959871125675
6640153791857
6357275475238
7423353199617
6247580479180
2305825736181
9208627743061
9513738332964
3780129522143
4607506590173
9642462708658
9103299849026
9779025221122
2409532041280
6606263969371
5597121504028
4560494462089
5393065417661
2617188312586
4384555275093
4030837211849
8054960776587
6545879845289
4610661716717
1086174414081
3425447100625
1134056927221
4119175289310
8666979327842
9804718712319
7769044042267
1081782104740
1159289467132
6642859154791
4370224114804
3249236594605
5760632148212
7773772614901
9235308650419
2427809593588
6481233393313
7718880258517
6963415223871
4231934001999
8204845704235
5908341114616
7496291772693
8421472586122
1704508151620
3978288018317
4421383496240
7635591763241
1596826512094
7937575491635
5520179391723
6013715340020
8397259520280
5572281152272
3654023272958
4136698832566
5902456965665
4031138553614
6257150951990
7921865888995
7062380576109
6175211132584
9968976949608
2279332648176
5077317100266
2159434753641
7212394764250
9662112425331
3419585926988
2845376126649
7012238126818
6798977312271
3845271785704
9417724386279
6114111670248
7403887046522
9110136677670
4391525619689
9250010556322
6335882801618
4850528220356
7913325786546
5170673315067
5054478756609
9424728050764
5100487802993
5864245864317
7648673918467
6265343322376
9586579267616
2821042083008
1419617639434
6318470643196
6593640345388
9768979367750
8153215198208
2079812324619
3387405705692
7842471059181
1860031057067
8639491996838
1836024769834
2302715891589
6011496846780
6769293302872
3272150731230
3646194447083
7920394521653
5550036881322
7380016349583
4714453805099
4657028847586
1341405431897
9378017857842
5986077231408
1359067439955
8742733428691
5412033717166
6036067613598
9257860775875
3433766994658
8491894822755
5468711190839
7754132608288
5513320587967
8955997360218
2951151046217
6302294452689
6963951536254
9456900676358
5497127697231
2603852256132
7184757122227
1361569886655
7581825150327
3321847463249
9721607889172
6750022560499
2318078672593
6398556993003
2539770199212
3876169178528
8115714461150
5073012737120
1464577770833
6729546879623
2848271178298
6777565483119
1506428611846
9187246015486
7616130130411
3636926934827
3167956229272
3033018357481
5241505706782
6359815367517
3119176385604
2345015008700
1991589179187
4487550176529
1776967958902
3402090039015
5864847791701
7949291335103
4501007878392
8047898481864
2102879676173
9474054246804
4132020662269
8469288955388
4660847488586
9822861443207
1338310381337
4923409005353
6151487660657
8737170538071
5663074179473
8186706348965
3448235265664
2995022230083
5472805889921
6332649531614
3031628057499
3224846347524
3816169013551
7613301857254
4329440542629
1294492600749
4156484726692
4239851053020
1546773751195
6149074746676
1382800050565
2211383017131
7759948101204
3201247736862
7275016427625
5154678651461
1213869302433
6184215870638
1666453593756
6791089888083
2146380847674
3100717553864
7896563190912
8830515550789
2426937019100
7778564392877
1129468479973
3631170631960
5314605375405
1082170443511
7042868106143
4330281523359
5010134932617
2513166818089
4830746715752
7762247523800
8547284093528
8468915023178
8663874505301
6728209328400
2449994096825
8218391876951
4072041733605
3244329373628
2651752214018
5989102593052
9771603149426
9101058074908
7788388447003
8488645761980
8318361246057
3828902936949
1682536209521
1930642672623
6936549958924
9765376833349
4941421190589
3444617719617
7990744475876
3497217214732
9267382990888
1760556254014
2003602230294
1164565317494
2913032988014
8626656762937
3320515791288
3499722263125
9723718512307
7793963422966
7245175204638
9413715048486
9809891110644
3233553151839
2710745692221
6124994253292
8691971450206
9285553340862
8877175366229
7306832156043
2647374452762
5421383156347
4802072151141
4126769585096
3054006805147
9729573999286
7130253440161
5501696539277
6593062705121
8553919675828
5814018041552
7450381261352
5312019791273
4278161811454
8545239395601
1546110320665
2686112997198
1079375937983
1509117723026
1953501962716
3793521808595
3372143854440
2981853291367
1085486736386
9080698407864
3453987502441
8634861427528
8977316588357
8513382743383
2574112199792
8229030879393
6519136661592
8053912776630
8940248663872
1627788177283
5368861743449
8741396834434
4405503805840
1230950625069
4825970331440
3845967735529
8996331349634
7460733170542
7605977164033
2736776906942
7888215082132
4097062983684
3781451071032
5323950411167
3110106132740
6139663348562
8251279300443
2792350263076
1624892456938
7489817154181
9818437549980
9657992631667
3644829438622
4734992976010
8297056932995
3242765234383
6309521939114
5108861887908
6478031868026
9122683284734
4833178177221
1177233437718
1233024520899
2233870425875
3004867105968
4755341267066
2229262726826
9094968219233
7225770572484
6417289529175
3442134722519
6035554269839
3333271603060
8737226514574
9165077180853
9528458340180
1508933478470
3326493113404
6247043788694
2156010119232
1539389133238
9835565389263
7019315676813
7109273514745
9302230068852
2438438423543
6276508382871
2288641212148
1256193362214
3986887700256
2463237204839
5287556298762
1711087639033
3538389114949
5500249403786
5471309622430
9478539950883
5823631962691
4515596800887
5695425390859
9187779696588
3743907690647
9838750972812
1363751811958
3911369946189
9093466342039
6864944953603
7506230076828
5628405998451
8846731426987
8624241780046
1050033764524
9737518204109
8292438883525
2487537883656
2501574028260
1562874344137
9158041229602
3573738533653
8102025647276
3062553023913
4492324912861
1065822704489
2851111385339
5007546941250
6905127974638
4455787012028
1803781920919
9590729732317
6177244409945
9592318584123
4692863045520
3112824402927
8604475366901
1774124428384
9305154912507
1438915654481
4612320528677
4712503831178
7500536415515
7056555703656
7094275102805
8211401490164
5002727039093
9059753198061
1609440468185
7092037678042
9134356809824
9906612461712
1417713330861
1090441200940
2459094934877
9576497835151
9770192492520
7583046879871
1317546571814
3836376519123
8416386347846
3182796350605
1626447316085
6130269549623
4917912708137
3686470452054
9578158717930
3804502374178
6842888578430
4894078235371
3545754158318
6060753887747
2974076011710
2531095122101
7183045785245
8635352232807
7968496902223
6515792102402
1200358961189
2851567618991
1939424971162
8718847868142
6706905245300
6696278823266
4441111475755
2001868005108
6505176139801
7461874806131
5931126833739
5250916671218
3784753912093
2263524915457
6589426347914
6825421963849
9039329645126
7390025203908
3720329811166
1220925508267
6717816167756
2526968539904
5560491688933
3887111907958
9568684426545
6912707926315
4096520342044
7922623238085
9660718847300
7662940902595
3999684607409
1918616860924
7984782172357
4973316852420
4427837134255
1735559617708
6359378442024
9689572614340
9220166166662
4493162851734
3548333082421
9144247968619
5662173342810
4489877301012
3824045665618
2408731256942
2999163661034
2778861796571
1546717268539
6219264989296
9718208031546
8714207589916
6830758308521
7926790667531
9060251891328
3413268777096
1317976279067
6714795511149
3196115501079
9826363078978
3501054481976
5859359485181
5554670449307
1435952609785
6705370472128
4599229047853
7814930648633
4673791210002
2490984105543
2864189120955
4126032924739
2056438165170
2019174260214
9832862087153
4259031424276
4377545046818
8147756697382
1164300852887
7264739063531
8259512889063
7738578272750
3001737550676
2844338228232
9768726951786
6612286862687
4624093081549
4868610291139
8482774790570
1545234273077
7426255462080
9694768367472
3933622391743
5620315078525
4610331130919
1737580220336
7566637731900
3639065781099
8615970251028
1435473321545
2435498187402
1905228499903
4157499936448
8184370794104
7053484658320
8600574493433
2608490634167
5351778395181
8480176795664
5040215443370
5193047011821
8767598449764
3007789521049
9365454532090
1350310092020
8797312494472
9029273187403
2422388036655
6640523241180
5751293378680
8260062433343
6920020208831
7579843908445
7740477967794
5849813718190
2804903235509
9508341570435
3134578419338
1019919749012
6806778201079
7399854296436
6872924709246
8169805609940
9613856119221
1031241679661
8765755643718
1649784547603
2705628306416
2414350351690
4421742809685
2353020337367
4094567489524
3084809664722
8294727925442
9427750807041
2144707973464
9930149312862
1526998945452
7973493087630
5451220672107
2006414516366
8729024251438
6621118980635
9296176527118
4962677778917
2646624196684
5802914859988
3823528324706
9697463610080
1022671297978
8139254938458
1273079685029
8801562801044
4328171283322
2768781591475
1206821782828
9503258282914
3052027795787
4564719812099
6745235011959
8169534414281
7205326303881
4687449547889
5062880382241
6782616292851
4490726613299
1931487144439
2946878166003
2154814497965
9971357857803
5529780144654
2217740528462
3349050843978
6334886420339
6118425475548
4973182442833
5116517568804
8638717836652
1312664648902
2938391159336
9613293201729
9758056513668
7685522994509
3842437872628
3069035765335
8678493523096
9066504477721
2609381150170
3054519926552
1524474318449
3678664053097
9002607182035
1205465830163
4054217495329
5342001533838
7377554342368
2549808104021
3906629950450
4523864890629
4650732191201
6163637692787
4868820804140
7986511276970
3759313229989
2584766821155
1556924440806
1554912607172
5663591725025
4676774382671
3948030417290
5609568239996
4077280835223
2310822194571
6294822816075
3450317794950
4797687285288
9659444297573
9455299387065
4177540059418
1573542049906
4598903252423
2508549200209
2300786772296
7248214136911
9566801993000
1269832702108
4400649180569
2698325459268
5964105787220
9954676454083
4439833692987
3753414953642
4086931906268
2695894768155
6407608019498
8785733140696
5813202885770
8802041689065
4518580649456
5295337879001
3650255165099
6076555823358
5659424814649
4584732441552
8477146867990
2833228135443
8853235606895
5720160280725
6728474736515
1707999590979
7226693754212
2556359500696
3711844428925
7034768684344
1272409002031
3310526833158
8153895063758
9231731033125
9537436887747
6752404737977
7377161916402
6411711047910
5524182497280
1413700508504
6451548598615
4304268985265
4514955044718
1590092401532
8590314886871
4227659663386
5829748150547
6889088669041
8974609662774
8624590876265
1329070089740
7186333937909
9727836090029
3022019892015
4389005080909
4080708492567
8681512202652
1812073593207
1422056567365
8904072184572
5577129444301
7060786892916
2562231946312
1469568172247
5192871499530
3522596509522
4258525342647
2526147950825
1729606610508
4174633805062
8294812575356
7323178352170
3956194566985
6390643304721
6240399190717
5987752508167
9129848021624
6821602404916
3934559494500
6795587050237
4143519107549
6139696103034
6654946379685
6507518731637
7083657378351
3038370440447
9787712475219
2834546074492
6125263766515
4326867390555
8378440885850
2456021282435
6909255223223
4718288719721
9987845163471
4301153872015
7126067789187
5558950618096
4791531375924
8982495250077
3498483254375
8239837623723
2801180703298
1966711000916
4311071683423
2941083049708
9297518804119
7534030761227
4746638662508
2448898614868
6808560000811
6576305955124
8537642685857
4681525586291
8421831147261
1692499566135
7076486364418
9106452164301
6107320433734
7838491997742
4079360144387
5102384072506
3892728043116
3588267043793
2687928381661
4074200048574
4884148617680
6188343051718
1508420462005
6874143323702
1526468597407
7225268392270
8553566010348
5395226375807
1645951173188
5255920529132
5687715310310
8631306565904
8693932409503
8884037900836
5074512417929
8510381423778
8741073612382
7586885666544
2029751175281
6308157198100
4980305719833
2045575802369
7916242733389
3482290642016
1215170059024
7992276416749
1013968488253
5211226114854
3831812757748
6653778354095
4073505805343
4509524142944
8973777794977
5265774538490
5945441522927
6777159591730
1320808939728
4937035452489
8014779393757
9289076313873
7384361368011
6943810230117
6735242565470
1295356524112
1012437662225
7108603448885
9655318523547
9809273321867
9988697237998
4344767119038
4551141838524
2618749446160
5709828191271
5661730177039
5534997353517
4860118021765
2210344532884
3905031373244
5054175365163
5792559084286
5330999346141
8870875463964
3330217152116
2056083474987
9031802125516
2730861340225
1338921270555
7368355961919
5426889315925
9415603195020
9357057075983
4150849687288
1427141360821
4809939261870
1008624218883
5261277212120
3635925334957
8154325764792
5072652010068
4483360879425
9699698942379
2413498923858
8661670079202
7791447484356
8527006527722
7965661704324
2502040834053
2777842541024
3144593572672
4201357298738
8048875808339
9199569103326
7313395906390
1937442083309
4693345360452
6629840042573
2599311885209
2959805083204
1890907284741
3358803206381
6815395245627
4996068207946
8759930022971
9162967069462
1866671281856
6436588241722
5990539127171
9179474612409
7832301992552
6402789928430
1041934749155
3852722067106
6551479961164
7910324209646
6617562005386
1194535074818
9617683965445
4783587024131
7794301996166
2905523049353
8343817689210
6305469304544
7198385955469
3998713412964
2422044770975
4036664811670
6327523546912
4679746599598
5204538676781
8070313301922
7811464787669
5963320443173
1603603877840
1913648508134
2538816026455
5534391425692
4158508988243
6295490990957
2210292456376
9814744304230
4904094781658
6938235235056
9023008964848
9780617957983
8340697149694
4790179769923
8280849770904
3453093019639
3373049338737
6718265834913
4881254886823
4171643525790
3356887960928
2682977790741
7408229243417
6003435869851
2178426594594
3482380348665
8234407888361
5465557416518
9501915386190
3135850248687
6321247195183
9440632926036
6992149029353
2201473438367
9909965918313
5796489238856
3277036110690
4156849023750
4274341059290
